{
 "cells": [
  {
   "cell_type": "code",
   "execution_count": 10,
   "id": "5bfcd322",
   "metadata": {},
   "outputs": [],
   "source": [
    "import numpy as np\n",
    "import matplotlib.pyplot as plt"
   ]
  },
  {
   "cell_type": "code",
   "execution_count": 11,
   "id": "853377d1",
   "metadata": {},
   "outputs": [],
   "source": [
    "class KalmanFilter:\n",
    "    def __init__(self, state_dim, measurement_dim, control_dim=0):\n",
    "        self.state_dim = state_dim\n",
    "        self.measurement_dim = measurement_dim\n",
    "        self.control_dim = control_dim\n",
    "\n",
    "        self.x = np.zeros((state_dim, 1))  # State estimate\n",
    "        self.z = np.zeros((measurement_dim, 1))  # Measurement\n",
    "\n",
    "        self.F = np.eye(state_dim)  # State transition matrix\n",
    "        self.H = np.zeros((measurement_dim, state_dim))  # Measurement matrix\n",
    "\n",
    "        self.u = np.zeros((control_dim, 1))  # Control input\n",
    "        self.G = np.eye(state_dim, control_dim) if control_dim > 0 else None  # Control matrix\n",
    "\n",
    "        self.P = np.eye(state_dim)  # State covariance\n",
    "        self.Q = np.eye(state_dim)  # Process noise\n",
    "        self.R = np.eye(measurement_dim)  # Measurement noise\n",
    "\n",
    "        self.K = np.zeros((state_dim, measurement_dim))  # Kalman gain\n",
    "\n",
    "        self.X_hist = []  # History of states\n",
    "        self.P_hist = []  # History of covariances\n",
    "\n",
    "    def set_transition_matrix(self, F): self.F = F\n",
    "    def set_measurement_matrix(self, H): self.H = H\n",
    "    def set_control_matrix(self, G): self.G = G\n",
    "    def set_process_noise(self, Q): self.Q = Q\n",
    "    def set_measurement_noise(self, R): self.R = R\n",
    "\n",
    "    def state_extrapolation(self):\n",
    "        if self.control_dim > 0 and self.G is not None:\n",
    "            self.x = self.F @ self.x + self.G @ self.u\n",
    "        else:\n",
    "            self.x = self.F @ self.x\n",
    "\n",
    "    def uncertainty_propagation(self):\n",
    "        self.P = self.F @ self.P @ self.F.T + self.Q\n",
    "\n",
    "    def compute_kalman_gain(self):\n",
    "        S = self.H @ self.P @ self.H.T + self.R\n",
    "        self.K = self.P @ self.H.T @ np.linalg.inv(S)\n",
    "\n",
    "    def update_estimate(self):\n",
    "        self.x = self.x + self.K @ (self.z - self.H @ self.x)\n",
    "\n",
    "    def update_uncertainty(self):\n",
    "        I = np.eye(self.state_dim)\n",
    "        self.P = (I - self.K @ self.H) @ self.P\n",
    "\n",
    "    def predict(self, u=None):\n",
    "        if u is not None:\n",
    "            self.u = u.reshape(-1, 1)\n",
    "        self.state_extrapolation()\n",
    "        self.uncertainty_propagation()\n",
    "        return self.x.copy(), self.P.copy()\n",
    "\n",
    "    def correct(self, z):\n",
    "        self.z = z.reshape(-1, 1)\n",
    "        self.compute_kalman_gain()\n",
    "        self.update_estimate()\n",
    "        self.update_uncertainty()\n",
    "        return self.x.copy(), self.P.copy()\n",
    "\n",
    "    def initialize(self, x0, P0):\n",
    "        self.x = x0.reshape(self.state_dim, 1)\n",
    "        self.P = P0.reshape(self.state_dim, self.state_dim)\n",
    "\n",
    "    def step(self, z, u=None):\n",
    "        self.predict(u)\n",
    "        self.correct(z)\n",
    "        self.X_hist.append(self.x.copy())\n",
    "        self.P_hist.append(self.P.copy())\n",
    "        return self.x.copy(), self.P.copy()"
   ]
  },
  {
   "cell_type": "code",
   "execution_count": 12,
   "id": "e1fb8e79",
   "metadata": {},
   "outputs": [
    {
     "name": "stdout",
     "output_type": "stream",
     "text": [
      "\tEstimated state:\n",
      " [ 299.10716396  199.40832091   66.47298525 -398.27383762 -265.52061199\n",
      "  -88.5115909 ],\n",
      " \tEstimated covariance:\n",
      " [[  8.92857206   5.95248719   1.98426822   0.           0.\n",
      "    0.        ]\n",
      " [  5.95248719 503.98617296 334.67990582   0.           0.\n",
      "    0.        ]\n",
      " [  1.98426822 334.67990582 444.91702895   0.           0.\n",
      "    0.        ]\n",
      " [  0.           0.           0.           8.92857206   5.95248719\n",
      "    1.98426822]\n",
      " [  0.           0.           0.           5.95248719 503.98617296\n",
      "  334.67990582]\n",
      " [  0.           0.           0.           1.98426822 334.67990582\n",
      "  444.91702895]]\n",
      "\tEstimated state:\n",
      " [ 300.37082534  -28.2255886   -66.52999653 -378.48922238   64.87040914\n",
      "  100.92734259],\n",
      " \tEstimated covariance:\n",
      " [[  8.91749201  11.33495905   5.12597079   0.           0.\n",
      "    0.        ]\n",
      " [ 11.33495905  61.10469961  75.43032599   0.           0.\n",
      "    0.        ]\n",
      " [  5.12597079  75.43032599 126.49601894   0.           0.\n",
      "    0.        ]\n",
      " [  0.           0.           0.           8.91749201  11.33495905\n",
      "    5.12597079]\n",
      " [  0.           0.           0.          11.33495905  61.10469961\n",
      "   75.43032599]\n",
      " [  0.           0.           0.           5.12597079  75.43032599\n",
      "  126.49601894]]\n",
      "\tEstimated state:\n",
      " [ 295.3494414   -24.75446192  -26.88948329 -342.65764306   67.24377739\n",
      "   45.11780775],\n",
      " \tEstimated covariance:\n",
      " [[ 8.62128723 10.68723762  6.05201124  0.          0.          0.        ]\n",
      " [10.68723762 36.90856055 31.17917425  0.          0.          0.        ]\n",
      " [ 6.05201124 31.17917425 29.82198365  0.          0.          0.        ]\n",
      " [ 0.          0.          0.          8.62128723 10.68723762  6.05201124]\n",
      " [ 0.          0.          0.         10.68723762 36.90856055 31.17917425]\n",
      " [ 0.          0.          0.          6.05201124 31.17917425 29.82198365]]\n",
      "\tEstimated state:\n",
      " [ 297.19094016  -10.25903616   -8.17450644 -315.17429274   47.95013146\n",
      "   15.98982626],\n",
      " \tEstimated covariance:\n",
      " [[ 8.3283638   8.60795537  3.89266738  0.          0.          0.        ]\n",
      " [ 8.60795537 18.80592928 11.15119187  0.          0.          0.        ]\n",
      " [ 3.89266738 11.15119187  7.30087186  0.          0.          0.        ]\n",
      " [ 0.          0.          0.          8.3283638   8.60795537  3.89266738]\n",
      " [ 0.          0.          0.          8.60795537 18.80592928 11.15119187]\n",
      " [ 0.          0.          0.          3.89266738 11.15119187  7.30087186]]\n",
      "\tEstimated state:\n",
      " [ 299.49289901   -4.3752803    -3.08608753 -294.84490772   33.8650647\n",
      "    5.10415269],\n",
      " \tEstimated covariance:\n",
      " [[ 7.84663492  6.62592547  2.39826827  0.          0.          0.        ]\n",
      " [ 6.62592547 10.38414436  4.71433872  0.          0.          0.        ]\n",
      " [ 2.39826827  4.71433872  2.35399404  0.          0.          0.        ]\n",
      " [ 0.          0.          0.          7.84663492  6.62592547  2.39826827]\n",
      " [ 0.          0.          0.          6.62592547 10.38414436  4.71433872]\n",
      " [ 0.          0.          0.          2.39826827  4.71433872  2.35399404]]\n",
      "\tEstimated state:\n",
      " [ 298.39344902   -4.05849694   -2.06442081 -271.18953408   29.95743454\n",
      "    2.39848476],\n",
      " \tEstimated covariance:\n",
      " [[7.31928364 5.16854701 1.55178749 0.         0.         0.        ]\n",
      " [5.16854701 6.31247526 2.33626843 0.         0.         0.        ]\n",
      " [1.55178749 2.33626843 0.9612452  0.         0.         0.        ]\n",
      " [0.         0.         0.         7.31928364 5.16854701 1.55178749]\n",
      " [0.         0.         0.         5.16854701 6.31247526 2.33626843]\n",
      " [0.         0.         0.         1.55178749 2.33626843 0.9612452 ]]\n",
      "\tEstimated state:\n",
      " [ 3.02905253e+02 -3.02135846e-01 -5.65078875e-01 -2.50195801e+02\n",
      "  2.61954183e+01  8.11636534e-01],\n",
      " \tEstimated covariance:\n",
      " [[6.8171364  4.13236331 1.06443184 0.         0.         0.        ]\n",
      " [4.13236331 4.16331017 1.3224454  0.         0.         0.        ]\n",
      " [1.06443184 1.3224454  0.48219529 0.         0.         0.        ]\n",
      " [0.         0.         0.         6.8171364  4.13236331 1.06443184]\n",
      " [0.         0.         0.         4.13236331 4.16331017 1.3224454 ]\n",
      " [0.         0.         0.         1.06443184 1.3224454  0.48219529]]\n",
      "\tEstimated state:\n",
      " [ 301.5632114    -1.27107893   -0.65723175 -225.57923314   25.94873335\n",
      "    0.57015098],\n",
      " \tEstimated covariance:\n",
      " [[6.36693251 3.39515652 0.77469962 0.         0.         0.        ]\n",
      " [3.39515652 2.95257918 0.84571967 0.         0.         0.        ]\n",
      " [0.77469962 0.84571967 0.29426361 0.         0.         0.        ]\n",
      " [0.         0.         0.         6.36693251 3.39515652 0.77469962]\n",
      " [0.         0.         0.         3.39515652 2.95257918 0.84571967]\n",
      " [0.         0.         0.         0.77469962 0.84571967 0.29426361]]\n",
      "\tEstimated state:\n",
      " [ 299.80837936   -2.00284203   -0.67279921 -200.21212186   26.10250373\n",
      "    0.48318102],\n",
      " \tEstimated covariance:\n",
      " [[5.97916856 2.87252427 0.59998784 0.         0.         0.        ]\n",
      " [2.87252427 2.24678392 0.60945174 0.         0.         0.        ]\n",
      " [0.59998784 0.60945174 0.21509595 0.         0.         0.        ]\n",
      " [0.         0.         0.         5.97916856 2.87252427 0.59998784]\n",
      " [0.         0.         0.         2.87252427 2.24678392 0.60945174]\n",
      " [0.         0.         0.         0.59998784 0.60945174 0.21509595]]\n",
      "\tEstimated state:\n",
      " [ 298.55746483   -2.192953     -0.57734793 -172.45451862   27.21259569\n",
      "    0.60715225],\n",
      " \tEstimated covariance:\n",
      " [[5.65899674 2.50984391 0.49631997 0.         0.         0.        ]\n",
      " [2.50984391 1.8353268  0.49169991 0.         0.         0.        ]\n",
      " [0.49631997 0.49169991 0.18136555 0.         0.         0.        ]\n",
      " [0.         0.         0.         5.65899674 2.50984391 0.49631997]\n",
      " [0.         0.         0.         2.50984391 1.8353268  0.49169991]\n",
      " [0.         0.         0.         0.49631997 0.49169991 0.18136555]]\n",
      "\tEstimated state:\n",
      " [ 2.97604923e+02 -2.12857821e+00 -4.53429347e-01 -1.49248635e+02\n",
      "  2.60108173e+01  2.57842311e-01],\n",
      " \tEstimated covariance:\n",
      " [[5.40915627 2.27010081 0.43836328 0.         0.         0.        ]\n",
      " [2.27010081 1.60495377 0.43593592 0.         0.         0.        ]\n",
      " [0.43836328 0.43593592 0.16785101 0.         0.         0.        ]\n",
      " [0.         0.         0.         5.40915627 2.27010081 0.43836328]\n",
      " [0.         0.         0.         2.27010081 1.60495377 0.43593592]\n",
      " [0.         0.         0.         0.43836328 0.43593592 0.16785101]]\n",
      "\tEstimated state:\n",
      " [ 2.99078746e+02 -1.02611835e+00 -1.53304113e-01 -1.24318053e+02\n",
      "  2.57773417e+01  1.63068914e-01],\n",
      " \tEstimated covariance:\n",
      " [[5.22915098 2.12476753 0.40985974 0.         0.         0.        ]\n",
      " [2.12476753 1.4874298  0.41284248 0.         0.         0.        ]\n",
      " [0.40985974 0.41284248 0.16330268 0.         0.         0.        ]\n",
      " [0.         0.         0.         5.22915098 2.12476753 0.40985974]\n",
      " [0.         0.         0.         2.12476753 1.4874298  0.41284248]\n",
      " [0.         0.         0.         0.40985974 0.41284248 0.16330268]]\n",
      "\tEstimated state:\n",
      " [ 2.98898634e+02 -8.09804648e-01 -8.12696304e-02 -9.55849024e+01\n",
      "  2.70918474e+01  3.87471392e-01],\n",
      " \tEstimated covariance:\n",
      " [[5.11317731 2.04834352 0.39919982 0.         0.         0.        ]\n",
      " [2.04834352 1.43694674 0.40576809 0.         0.         0.        ]\n",
      " [0.39919982 0.40576809 0.16230248 0.         0.         0.        ]\n",
      " [0.         0.         0.         5.11317731 2.04834352 0.39919982]\n",
      " [0.         0.         0.         2.04834352 1.43694674 0.40576809]\n",
      " [0.         0.         0.         0.39919982 0.40576809 0.16230248]]\n",
      "\tEstimated state:\n",
      " [ 2.96506386e+02 -1.50690653e+00 -2.02728437e-01 -7.19407601e+01\n",
      "  2.60248472e+01  1.00610189e-01],\n",
      " \tEstimated covariance:\n",
      " [[5.04923427 2.01677524 0.39776272 0.         0.         0.        ]\n",
      " [2.01677524 1.42126793 0.40502183 0.         0.         0.        ]\n",
      " [0.39776272 0.40502183 0.16225577 0.         0.         0.        ]\n",
      " [0.         0.         0.         5.04923427 2.01677524 0.39776272]\n",
      " [0.         0.         0.         2.01677524 1.42126793 0.40502183]\n",
      " [0.         0.         0.         0.39776272 0.40502183 0.16225577]]\n",
      "\tEstimated state:\n",
      " [ 2.97353928e+02 -7.26984055e-01 -7.27526752e-03 -4.76812343e+01\n",
      "  2.53989660e+01 -4.38918306e-02],\n",
      " \tEstimated covariance:\n",
      " [[5.02110312 2.00910707 0.39961938 0.         0.         0.        ]\n",
      " [2.00910707 1.41908738 0.40549351 0.         0.         0.        ]\n",
      " [0.39961938 0.40549351 0.16212011 0.         0.         0.        ]\n",
      " [0.         0.         0.         5.02110312 2.00910707 0.39961938]\n",
      " [0.         0.         0.         2.00910707 1.41908738 0.40549351]\n",
      " [0.         0.         0.         0.39961938 0.40549351 0.16212011]]\n",
      "\tEstimated state:\n",
      " [ 2.99590045e+02  4.55450233e-01  2.30338900e-01 -2.58830995e+01\n",
      "  2.39198839e+01 -3.30534518e-01],\n",
      " \tEstimated covariance:\n",
      " [[5.01261148 2.01013743 0.40147373 0.         0.         0.        ]\n",
      " [2.01013743 1.4188364  0.40522116 0.         0.         0.        ]\n",
      " [0.40147373 0.40522116 0.16169738 0.         0.         0.        ]\n",
      " [0.         0.         0.         5.01261148 2.01013743 0.40147373]\n",
      " [0.         0.         0.         2.01013743 1.4188364  0.40522116]\n",
      " [0.         0.         0.         0.40147373 0.40522116 0.16169738]]\n",
      "\tEstimated state:\n",
      " [ 2.98010879e+02 -1.77088738e-01  5.78169376e-02  7.21709882e-01\n",
      "  2.47333560e+01 -1.01804282e-01],\n",
      " \tEstimated covariance:\n",
      " [[5.01158943 2.01154512 0.40218404 0.         0.         0.        ]\n",
      " [2.01154512 1.41645823 0.404078   0.         0.         0.        ]\n",
      " [0.40218404 0.404078   0.16114187 0.         0.         0.        ]\n",
      " [0.         0.         0.         5.01158943 2.01154512 0.40218404]\n",
      " [0.         0.         0.         2.01154512 1.41645823 0.404078  ]\n",
      " [0.         0.         0.         0.40218404 0.404078   0.16114187]]\n",
      "\tEstimated state:\n",
      " [ 2.96329947e+02 -7.34243561e-01 -6.51039343e-02  2.55410498e+01\n",
      "  2.46864732e+01 -9.08265442e-02],\n",
      " \tEstimated covariance:\n",
      " [[5.01136228 2.01066134 0.40189202 0.         0.         0.        ]\n",
      " [2.01066134 1.41218723 0.4026272  0.         0.         0.        ]\n",
      " [0.40189202 0.4026272  0.16064754 0.         0.         0.        ]\n",
      " [0.         0.         0.         5.01136228 2.01066134 0.40189202]\n",
      " [0.         0.         0.         2.01066134 1.41218723 0.4026272 ]\n",
      " [0.         0.         0.         0.40189202 0.4026272  0.16064754]]\n",
      "\tEstimated state:\n",
      " [ 2.95316475e+02 -8.98218326e-01 -8.48571860e-02  5.00028104e+01\n",
      "  2.45237812e+01 -1.05184433e-01],\n",
      " \tEstimated covariance:\n",
      " [[5.00976441 2.00797751 0.40117075 0.         0.         0.        ]\n",
      " [2.00797751 1.40762912 0.40139648 0.         0.         0.        ]\n",
      " [0.40117075 0.40139648 0.1603146  0.         0.         0.        ]\n",
      " [0.         0.         0.         5.00976441 2.00797751 0.40117075]\n",
      " [0.         0.         0.         2.00797751 1.40762912 0.40139648]\n",
      " [0.         0.         0.         0.40117075 0.40139648 0.1603146 ]]\n",
      "\tEstimated state:\n",
      " [ 2.91885727e+02 -1.98013779e+00 -2.84031056e-01  7.35816237e+01\n",
      "  2.40612803e+01 -1.76562230e-01],\n",
      " \tEstimated covariance:\n",
      " [[5.00709739 2.0048938  0.40049901 0.         0.         0.        ]\n",
      " [2.0048938  1.40405067 0.40061476 0.         0.         0.        ]\n",
      " [0.40049901 0.40061476 0.16014345 0.         0.         0.        ]\n",
      " [0.         0.         0.         5.00709739 2.0048938  0.40049901]\n",
      " [0.         0.         0.         2.0048938  1.40405067 0.40061476]\n",
      " [0.         0.         0.         0.40049901 0.40061476 0.16014345]]\n",
      "\tEstimated state:\n",
      " [ 2.86286338e+02 -3.65555773e+00 -5.62030591e-01  9.68792443e+01\n",
      "  2.36144705e+01 -2.30557687e-01],\n",
      " \tEstimated covariance:\n",
      " [[5.00435778 2.00245488 0.40009054 0.         0.         0.        ]\n",
      " [2.00245488 1.40187395 0.40024896 0.         0.         0.        ]\n",
      " [0.40009054 0.40024896 0.1600817  0.         0.         0.        ]\n",
      " [0.         0.         0.         5.00435778 2.00245488 0.40009054]\n",
      " [0.         0.         0.         2.00245488 1.40187395 0.40024896]\n",
      " [0.         0.         0.         0.40009054 0.40024896 0.1600817 ]]\n",
      "\tEstimated state:\n",
      " [ 2.79053955e+02 -5.53598056e+00 -8.25537426e-01  1.20390421e+02\n",
      "  2.33887073e+01 -2.29599425e-01],\n",
      " \tEstimated covariance:\n",
      " [[5.00227059 2.00101178 0.39994189 0.         0.         0.        ]\n",
      " [2.00101178 1.40087299 0.40014492 0.         0.         0.        ]\n",
      " [0.39994189 0.40014492 0.16007061 0.         0.         0.        ]\n",
      " [0.         0.         0.         5.00227059 2.00101178 0.39994189]\n",
      " [0.         0.         0.         2.00101178 1.40087299 0.40014492]\n",
      " [0.         0.         0.         0.39994189 0.40014492 0.16007061]]\n",
      "\tEstimated state:\n",
      " [ 2.68167953e+02 -8.33640644e+00 -1.22038626e+00  1.44234265e+02\n",
      "  2.33870807e+01 -1.84019728e-01],\n",
      " \tEstimated covariance:\n",
      " [[5.00104103 2.00040339 0.39995015 0.         0.         0.        ]\n",
      " [2.00040339 1.40056957 0.40014804 0.         0.         0.        ]\n",
      " [0.39995015 0.40014804 0.16007017 0.         0.         0.        ]\n",
      " [0.         0.         0.         5.00104103 2.00040339 0.39995015]\n",
      " [0.         0.         0.         2.00040339 1.40056957 0.40014804]\n",
      " [0.         0.         0.         0.39995015 0.40014804 0.16007017]]\n",
      "\tEstimated state:\n",
      " [ 2.54236769e+02 -1.15507002e+01 -1.61912223e+00  1.67824179e+02\n",
      "  2.33210026e+01 -1.60434107e-01],\n",
      " \tEstimated covariance:\n",
      " [[5.00050031 2.00027434 0.4000092  0.         0.         0.        ]\n",
      " [2.00027434 1.40053634 0.40016115 0.         0.         0.        ]\n",
      " [0.4000092  0.40016115 0.16006332 0.         0.         0.        ]\n",
      " [0.         0.         0.         5.00050031 2.00027434 0.4000092 ]\n",
      " [0.         0.         0.         2.00027434 1.40053634 0.40016115]\n",
      " [0.         0.         0.         0.4000092  0.40016115 0.16006332]]\n",
      "\tEstimated state:\n",
      " [238.9782452  -14.32922663  -1.85099879 187.68974792  21.81036655\n",
      "  -0.4304695 ],\n",
      " \tEstimated covariance:\n",
      " [[5.0003499  2.00031091 0.40005479 0.         0.         0.        ]\n",
      " [2.00031091 1.40052353 0.40014849 0.         0.         0.        ]\n",
      " [0.40005479 0.40014849 0.16004886 0.         0.         0.        ]\n",
      " [0.         0.         0.         5.0003499  2.00031091 0.40005479]\n",
      " [0.         0.         0.         2.00031091 1.40052353 0.40014849]\n",
      " [0.         0.         0.         0.40005479 0.40014849 0.16004886]]\n",
      "\tEstimated state:\n",
      " [220.24910708 -17.57012986  -2.12897981 206.96534536  20.45199011\n",
      "  -0.61605097],\n",
      " \tEstimated covariance:\n",
      " [[5.00033789 2.00033607 0.40006741 0.         0.         0.        ]\n",
      " [2.00033607 1.40044876 0.40011314 0.         0.         0.        ]\n",
      " [0.40006741 0.40011314 0.160032   0.         0.         0.        ]\n",
      " [0.         0.         0.         5.00033789 2.00033607 0.40006741]\n",
      " [0.         0.         0.         2.00033607 1.40044876 0.40011314]\n",
      " [0.         0.         0.         0.40006741 0.40011314 0.160032  ]]\n",
      "\tEstimated state:\n",
      " [200.57859362 -20.11350204  -2.21185726 224.17061321  18.66036144\n",
      "  -0.85116363],\n",
      " \tEstimated covariance:\n",
      " [[5.00032537 2.00029858 0.40005481 0.         0.         0.        ]\n",
      " [2.00029858 1.40032705 0.4000716  0.         0.         0.        ]\n",
      " [0.40005481 0.4000716  0.16001778 0.         0.         0.        ]\n",
      " [0.         0.         0.         5.00032537 2.00029858 0.40005481]\n",
      " [0.         0.         0.         2.00029858 1.40032705 0.4000716 ]\n",
      " [0.         0.         0.         0.40005481 0.4000716  0.16001778]]\n",
      "\tEstimated state:\n",
      " [179.54852719 -22.24960949  -2.19670771 240.12449466  16.89678896\n",
      "  -1.03364052],\n",
      " \tEstimated covariance:\n",
      " [[5.00027266 2.00021775 0.40003286 0.         0.         0.        ]\n",
      " [2.00021775 1.40020209 0.40003754 0.         0.         0.        ]\n",
      " [0.40003286 0.40003754 0.16000849 0.         0.         0.        ]\n",
      " [0.         0.         0.         5.00027266 2.00021775 0.40003286]\n",
      " [0.         0.         0.         2.00021775 1.40020209 0.40003754]\n",
      " [0.         0.         0.         0.40003286 0.40003754 0.16000849]]\n",
      "\tEstimated state:\n",
      " [158.31144366 -23.60194273  -2.02783807 254.56857523  15.08877252\n",
      "  -1.18851089],\n",
      " \tEstimated covariance:\n",
      " [[5.00019412 2.00013104 0.40001376 0.         0.         0.        ]\n",
      " [2.00013104 1.40010607 0.40001633 0.         0.         0.        ]\n",
      " [0.40001376 0.40001633 0.16000379 0.         0.         0.        ]\n",
      " [0.         0.         0.         5.00019412 2.00013104 0.40001376]\n",
      " [0.         0.         0.         2.00013104 1.40010607 0.40001633]\n",
      " [0.         0.         0.         0.40001376 0.40001633 0.16000379]]\n",
      "\tEstimated state:\n",
      " [137.70924158 -24.02430268  -1.70675082 268.02246108  13.48400544\n",
      "  -1.27175995],\n",
      " \tEstimated covariance:\n",
      " [[5.00011719 2.00006463 0.4000025  0.         0.         0.        ]\n",
      " [2.00006463 1.40004859 0.40000655 0.         0.         0.        ]\n",
      " [0.4000025  0.40000655 0.16000212 0.         0.         0.        ]\n",
      " [0.         0.         0.         5.00011719 2.00006463 0.4000025 ]\n",
      " [0.         0.         0.         2.00006463 1.40004859 0.40000655]\n",
      " [0.         0.         0.         0.4000025  0.40000655 0.16000212]]\n",
      "\tEstimated state:\n",
      " [113.21958844 -25.57584335  -1.67570931 275.22574831   9.95430781\n",
      "  -1.72333986],\n",
      " \tEstimated covariance:\n",
      " [[5.00006017 2.00002618 0.39999848 0.         0.         0.        ]\n",
      " [2.00002618 1.40002259 0.40000381 0.         0.         0.        ]\n",
      " [0.39999848 0.40000381 0.16000182 0.         0.         0.        ]\n",
      " [0.         0.         0.         5.00006017 2.00002618 0.39999848]\n",
      " [0.         0.         0.         2.00002618 1.40002259 0.40000381]\n",
      " [0.         0.         0.         0.39999848 0.40000381 0.16000182]]\n",
      "\tEstimated state:\n",
      " [ 90.62486099 -25.72396487  -1.37019433 285.17484297   8.57355057\n",
      "  -1.65482391],\n",
      " \tEstimated covariance:\n",
      " [[5.00002723 2.00001033 0.3999987  0.         0.         0.        ]\n",
      " [2.00001033 1.40001489 0.40000389 0.         0.         0.        ]\n",
      " [0.3999987  0.40000389 0.16000181 0.         0.         0.        ]\n",
      " [0.         0.         0.         5.00002723 2.00001033 0.3999987 ]\n",
      " [0.         0.         0.         2.00001033 1.40001489 0.40000389]\n",
      " [0.         0.         0.         0.3999987  0.40000389 0.16000181]]\n",
      "\tEstimated state:\n",
      " [ 67.26814081 -25.87322128  -1.12600746 290.45376318   5.93183834\n",
      "  -1.852201  ],\n",
      " \tEstimated covariance:\n",
      " [[5.000013   2.00000712 0.40000025 0.         0.         0.        ]\n",
      " [2.00000712 1.40001411 0.40000421 0.         0.         0.        ]\n",
      " [0.40000025 0.40000421 0.16000163 0.         0.         0.        ]\n",
      " [0.         0.         0.         5.000013   2.00000712 0.40000025]\n",
      " [0.         0.         0.         2.00000712 1.40001411 0.40000421]\n",
      " [0.         0.         0.         0.40000025 0.40000421 0.16000163]]\n",
      "\tEstimated state:\n",
      " [ 43.66418997 -25.86631652  -0.89942513 294.03755341   3.51085702\n",
      "  -1.965957  ],\n",
      " \tEstimated covariance:\n",
      " [[5.00000913 2.00000815 0.40000143 0.         0.         0.        ]\n",
      " [2.00000815 1.40001373 0.40000386 0.         0.         0.        ]\n",
      " [0.40000143 0.40000386 0.16000125 0.         0.         0.        ]\n",
      " [0.         0.         0.         5.00000913 2.00000815 0.40000143]\n",
      " [0.         0.         0.         2.00000815 1.40001373 0.40000386]\n",
      " [0.         0.         0.         0.40000143 0.40000386 0.16000125]]\n",
      "\tEstimated state:\n",
      " [ 19.30474163 -25.9831073   -0.74289826 297.79019414   2.03480619\n",
      "  -1.86797577],\n",
      " \tEstimated covariance:\n",
      " [[5.00000884 2.00000879 0.40000174 0.         0.         0.        ]\n",
      " [2.00000879 1.40001169 0.40000292 0.         0.         0.        ]\n",
      " [0.40000174 0.40000292 0.16000082 0.         0.         0.        ]\n",
      " [0.         0.         0.         5.00000884 2.00000879 0.40000174]\n",
      " [0.         0.         0.         2.00000879 1.40001169 0.40000292]\n",
      " [0.         0.         0.         0.40000174 0.40000292 0.16000082]]\n"
     ]
    },
    {
     "data": {
