{
 "cells": [
  {
   "cell_type": "code",
   "execution_count": 34,
   "id": "a3b37e5b",
   "metadata": {},
   "outputs": [],
   "source": [
    "import numpy as np\n",
    "from typing import Callable\n",
    "from functools import partial\n",
    "import math\n",
    "import matplotlib.pyplot as plt"
   ]
  },
  {
   "cell_type": "code",
   "execution_count": 35,
   "id": "1248667f",
   "metadata": {},
   "outputs": [],
   "source": [
    "class ExtendedKalmanFilter:\n",
    "    def __init__(self, state_dim, measurement_dim, control_dim=0):\n",
    "        self.state_dim = state_dim\n",
    "        self.measurement_dim = measurement_dim\n",
    "        self.control_dim = control_dim\n",
    "\n",
    "        self.x = np.zeros((state_dim, 1))  # State estimate\n",
    "        self.z = np.zeros((measurement_dim, 1))  # Measurement\n",
    "\n",
    "\n",
    "        self.u = np.zeros((control_dim, 1))  # Control input\n",
    "        self.G = np.eye(state_dim, control_dim) if control_dim > 0 else None  # Control matrix\n",
    "\n",
    "        self.P = np.eye(state_dim)  # State covariance\n",
    "        self.Q = np.eye(state_dim)  # Process noise\n",
    "        self.R = np.eye(measurement_dim)  # Measurement noise\n",
    "\n",
    "        self.K = np.zeros((state_dim, measurement_dim))  # Kalman gain\n",
    "\n",
    "        self.fx: Callable = None\n",
    "        self.hx: Callable = None\n",
    "\n",
    "        self.df: Callable = None\n",
    "        self.dh: Callable = None\n",
    "\n",
    "        self.X_hist = []  # History of states\n",
    "        self.P_hist = []  # History of covariances\n",
    "\n",
    "    def set_transition_function(self, fx: Callable): self.fx = fx\n",
    "    def set_measurement_function(self, hx: Callable): self.hx = hx\n",
    "    def set_transition_derivation(self, df: Callable): self.df = df\n",
    "    def set_measurement_derivation(self, dh: Callable): self.dh = dh\n",
    "    def set_control_matrix(self, G): self.G = G\n",
    "    def set_process_noise(self, Q): self.Q = Q\n",
    "    def set_measurement_noise(self, R): self.R = R\n",
    "\n",
    "    def state_extrapolation(self):\n",
    "        if self.control_dim > 0 and self.G is not None:\n",
    "            self.x = self.fx(self.x) + self.G @ self.u\n",
    "        else:\n",
    "            self.x = self.fx(self.x)\n",
    "\n",
    "    def uncertainty_propagation(self):\n",
    "        self.P = self.df(self.x) @ self.P @ self.df(self.x).T + self.Q\n",
    "\n",
    "    def compute_kalman_gain(self):\n",
    "        S = self.dh(self.x) @ self.P @ self.dh(self.x).T + self.R\n",
    "        self.K = self.P @ self.dh(self.x).T @ np.linalg.inv(S)\n",
    "\n",
    "    def update_estimate(self):\n",
    "        self.x = self.x + self.K @ (self.z - self.hx(self.x))\n",
    "\n",
    "    def update_uncertainty(self):\n",
    "        I = np.eye(self.state_dim)\n",
    "        a = I - self.K @ self.dh(self.x)\n",
    "        self.P = a @ self.P @ a.T + self.K @ self.R @ self.K.T\n",
    "\n",
    "    def predict(self, u=None):\n",
    "        if u is not None:\n",
    "            self.u = u.reshape(-1, 1)\n",
    "        self.state_extrapolation()\n",
    "        self.uncertainty_propagation()\n",
    "        return self.x.copy(), self.P.copy()\n",
    "\n",
    "    def correct(self, z):\n",
    "        self.z = z.reshape(-1, 1)\n",
    "        self.compute_kalman_gain()\n",
    "        self.update_estimate()\n",
    "        self.update_uncertainty()\n",
    "        return self.x.copy(), self.P.copy()\n",
    "\n",
    "    def initialize(self, x0, P0):\n",
    "        self.x = x0.reshape(self.state_dim, 1)\n",
    "        self.P = P0.reshape(self.state_dim, self.state_dim)\n",
    "\n",
    "    def step(self, z, u=None):\n",
    "        self.predict(u)\n",
    "        self.correct(z)\n",
    "        self.X_hist.append(self.x.copy())\n",
    "        self.P_hist.append(self.P.copy())\n",
    "        return self.x.copy(), self.P.copy()"
   ]
  },
  {
   "cell_type": "code",
   "execution_count": 36,
   "id": "91ab2db3",
   "metadata": {},
   "outputs": [
    {
     "name": "stdout",
     "output_type": "stream",
     "text": [
      "\tEstimated state:\n",
      " [ 316.99567216  -55.33720231  -18.44671785 -414.83004662  -76.55472535\n",
      "  -25.51960272],\n",
      " \tEstimated covariance:\n",
      " [[1.15754268e+02 7.71708836e+01 2.57249998e+01 5.07323833e-01\n",
      "  3.38221902e-01 1.12746647e-01]\n",
      " [7.71708836e+01 5.51465948e+02 3.50507342e+02 3.38221902e-01\n",
      "  2.25485276e-01 7.51657673e-02]\n",
      " [2.57249998e+01 3.50507342e+02 4.50193122e+02 1.12746647e-01\n",
      "  7.51657673e-02 2.50565920e-02]\n",
      " [5.07323833e-01 3.38221902e-01 1.12746647e-01 9.29004511e+01\n",
      "  6.19347351e+01 2.06460127e+01]\n",
      " [3.38221902e-01 2.25485276e-01 7.51657673e-02 6.19347351e+01\n",
      "  5.41308335e+02 3.47121290e+02]\n",
      " [1.12746647e-01 7.51657673e-02 2.50565920e-02 2.06460127e+01\n",
      "  3.47121290e+02 4.49064378e+02]]\n",
      "\tEstimated state:\n",
      " [ 317.8520717    -3.72437458   11.51942108 -376.63104087   38.88261848\n",
      "   35.45486951],\n",
      " \tEstimated covariance:\n",
      " [[147.47481815 158.16513602  67.68588764 -14.92450675 -16.61295562\n",
      "   -7.20369102]\n",
      " [158.16513602 365.34623443 228.43797579 -16.0548901  -17.31486081\n",
      "   -7.42474327]\n",
      " [ 67.68588764 228.43797579 205.32650238  -6.87814102  -7.33172738\n",
      "   -3.13057777]\n",
      " [-14.92450675 -16.0548901   -6.87814102  66.9625631   74.05877793\n",
      "   32.04149477]\n",
      " [-16.61295562 -17.31486081  -7.33172738  74.05877793 252.57605034\n",
      "  176.67146179]\n",
      " [ -7.20369102  -7.42474327  -3.13057777  32.04149477 176.67146179\n",
      "  181.06932541]]\n",
      "\tEstimated state:\n",
      " [ 302.42094637   -8.20768147    5.20383519 -343.72412075   50.43881905\n",
      "   25.332091  ],\n",
      " \tEstimated covariance:\n",
      " [[ 22.89416865  20.10136292   7.71668308  -4.27537813  -3.74191896\n",
      "   -1.44608554]\n",
      " [ 20.10136292 131.67918665  88.97955926  -3.1733233   -8.10315742\n",
      "   -4.69242083]\n",
      " [  7.71668308  88.97955926  72.61941744  -1.06821607  -4.41081085\n",
      "   -2.71060761]\n",
      " [ -4.27537813  -3.1733233   -1.06821607  24.26827259  23.98460703\n",
      "   10.04102109]\n",
      " [ -3.74191896  -8.10315742  -4.41081085  23.98460703 103.28034414\n",
      "   71.14426819]\n",
      " [ -1.44608554  -4.69242083  -2.71060761  10.04102109  71.14426819\n",
      "   60.91359449]]\n",
      "\tEstimated state:\n",
      " [ 305.54077135    5.33671512    8.38028375 -317.74577487   38.37110514\n",
      "   10.13994334],\n",
      " \tEstimated covariance:\n",
      " [[20.28934653 21.51631761  8.67938085 -4.06220774 -3.81024229 -1.46765515]\n",
      " [21.51631761 54.74421263 29.26932228 -3.8386434  -7.60627779 -3.66120767]\n",
      " [ 8.67938085 29.26932228 19.15965517 -1.45179457 -3.49358815 -1.74685848]\n",
      " [-4.06220774 -3.8386434  -1.45179457 19.0020854  19.14784428  7.77970451]\n",
      " [-3.81024229 -7.60627779 -3.49358815 19.14784428 48.67515644 27.18273268]\n",
      " [-1.46765515 -3.66120767 -1.74685848  7.77970451 27.18273268 18.25991419]]\n",
      "\tEstimated state:\n",
      " [ 304.16406641    3.90547398    4.87085862 -299.39459526   26.65158737\n",
      "    2.38709518],\n",
      " \tEstimated covariance:\n",
      " [[17.96925078 15.43934581  5.29272238 -4.67264905 -3.78736819 -1.25057932]\n",
      " [15.43934581 26.53185852 12.0612864  -3.75741667 -4.98479826 -1.92206258]\n",
      " [ 5.29272238 12.0612864   6.68552011 -1.20328821 -1.84695036 -0.74840046]\n",
      " [-4.67264905 -3.75741667 -1.20328821 17.43548483 15.01685133  5.2692297 ]\n",
      " [-3.78736819 -4.98479826 -1.84695036 15.01685133 25.95851661 11.94751974]\n",
      " [-1.25057932 -1.92206258 -0.74840046  5.2692297  11.94751974  6.50632494]]\n",
      "\tEstimated state:\n",
      " [ 301.79685692    2.35931316    2.91283074 -273.52523146   27.41772251\n",
      "    1.84608702],\n",
      " \tEstimated covariance:\n",
      " [[16.07559089 11.67218272  3.51046231 -4.87078688 -3.269335   -0.91379502]\n",
      " [11.67218272 15.80822944  6.23880622 -3.25657987 -3.35023649 -1.09224876]\n",
      " [ 3.51046231  6.23880622  2.93531261 -0.89598522 -1.06975551 -0.3731605 ]\n",
      " [-4.87078688 -3.25657987 -0.89598522 15.18817248 11.07055471  3.35561371]\n",
      " [-3.269335   -3.35023649 -1.06975551 11.07055471 15.15640467  5.94937352]\n",
      " [-0.91379502 -1.09224876 -0.3731605   3.35561371  5.94937352  2.72873161]]\n",
      "\tEstimated state:\n",
      " [ 3.05256315e+02  4.76566232e+00  2.70776671e+00 -2.56666649e+02\n",
      "  2.18545985e+01 -1.56900706e-01],\n",
      " \tEstimated covariance:\n",
      " [[15.14111093  9.61888442  2.57869322 -4.68824061 -2.67666142 -0.64647135]\n",
      " [ 9.61888442 10.71263141  3.68528517 -2.68449604 -2.35246989 -0.67392178]\n",
      " [ 2.57869322  3.68528517  1.4860809  -0.64700281 -0.67005417 -0.20814899]\n",
      " [-4.68824061 -2.68449604 -0.64700281 13.61157104  8.66672964  2.31715601]\n",
      " [-2.67666142 -2.35246989 -0.67005417  8.66672964  9.8497083   3.35688109]\n",
      " [-0.64647135 -0.67392178 -0.20814899  2.31715601  3.35688109  1.32850367]]\n",
      "\tEstimated state:\n",
      " [ 303.86939777    3.30855056    1.72124955 -229.72235802   24.50077294\n",
      "    0.48906513],\n",
      " \tEstimated covariance:\n",
      " [[14.35526581  8.08447993  1.9415561  -4.60883491 -2.33523311 -0.50436105]\n",
      " [ 8.08447993  7.66382187  2.33091356 -2.35840054 -1.81328527 -0.46484728]\n",
      " [ 1.9415561   2.33091356  0.83070635 -0.5143927  -0.46732004 -0.13008296]\n",
      " [-4.60883491 -2.35840054 -0.5143927  11.93765477  6.7480106   1.61122039]\n",
      " [-2.33523311 -1.81328527 -0.46732004  6.7480106   6.66814028  2.02241018]\n",
      " [-0.50436105 -0.46484728 -0.13008296  1.61122039  2.02241018  0.71925302]]\n",
      "\tEstimated state:\n",
      " [ 302.19571785    2.09905557    1.08906737 -201.93781214   26.44918059\n",
      "    0.78862006],\n",
      " \tEstimated covariance:\n",
      " [[13.77510368  6.96679225  1.5145107  -4.47401114 -2.04009883 -0.39804745]\n",
      " [ 6.96679225  5.75524856  1.57802671 -2.07315797 -1.42430262 -0.32971939]\n",
      " [ 1.5145107   1.57802671  0.516014   -0.41219326 -0.33396599 -0.0839099 ]\n",
      " [-4.47401114 -2.07315797 -0.41219326 10.36149898  5.2981757   1.14938887]\n",
      " [-2.04009883 -1.42430262 -0.33396599  5.2981757   4.70399785  1.30472048]\n",
      " [-0.39804745 -0.32971939 -0.0839099   1.14938887  1.30472048  0.43658675]]\n",
      "\tEstimated state:\n",
      " [ 302.11294996    1.96760576    0.85210399 -172.61610393   28.37157477\n",
      "    1.01087573],\n",
      " \tEstimated covariance:\n",
      " [[13.3937331   6.15614309  1.22800913 -4.20877264 -1.74001552 -0.30828573]\n",
      " [ 6.15614309  4.52347742  1.14504347 -1.7821763  -1.11605685 -0.23581842]\n",
      " [ 1.22800913  1.14504347  0.35788866 -0.32512419 -0.24062628 -0.05527834]\n",
      " [-4.20877264 -1.7821763  -0.32512419  8.89890061  4.18933471  0.8421394 ]\n",
      " [-1.74001552 -1.11605685 -0.24062628  4.18933471  3.44355584  0.90150394]\n",
      " [-0.30828573 -0.23581842 -0.05527834  0.8421394   0.90150394  0.2982237 ]]\n",
      "\tEstimated state:\n",
      " [ 300.20369551    0.88308839    0.46699179 -148.79457638   27.00173413\n",
      "    0.53144669],\n",
      " \tEstimated covariance:\n",
      " [[13.0675503   5.52176261  1.02684785 -3.8849209  -1.47320058 -0.23925406]\n",
      " [ 5.52176261  3.69617727  0.88772869 -1.5191301  -0.88273326 -0.17238472]\n",
      " [ 1.02684785  0.88772869  0.27556107 -0.256676   -0.17719613 -0.03779617]\n",
      " [-3.8849209  -1.5191301  -0.256676    7.70694738  3.40207792  0.64848491]\n",
      " [-1.47320058 -0.88273326 -0.17719613  3.40207792  2.64667736  0.67500871]\n",
      " [-0.23925406 -0.17238472 -0.03779617  0.64848491  0.67500871  0.22943991]]\n",
      "\tEstimated state:\n",
      " [ 3.02202708e+02  1.64823922e+00  5.08122780e-01 -1.24589928e+02\n",
      "  2.62272877e+01  2.86827027e-01],\n",
      " \tEstimated covariance:\n",
      " [[12.83498725  5.05536073  0.89317916 -3.440838   -1.20040472 -0.1782366 ]\n",
      " [ 5.05536073  3.15477971  0.7377716  -1.25411082 -0.69038045 -0.12596437]\n",
      " [ 0.89317916  0.7377716   0.23306311 -0.19793554 -0.13123517 -0.02645966]\n",
      " [-3.440838   -1.25411082 -0.19793554  6.70830703  2.82627194  0.52348006]\n",
      " [-1.20040472 -0.69038045 -0.13123517  2.82627194  2.13167192  0.54552237]\n",
      " [-0.1782366  -0.12596437 -0.02645966  0.52348006  0.54552237  0.19464616]]\n",
      "\tEstimated state:\n",
      " [302.44614157   1.5744461    0.41816865 -95.58015204  27.58707534\n",
      "   0.4831418 ],\n",
      " \tEstimated covariance:\n",
      " [[12.70346928  4.73249051  0.80964677 -2.87434541 -0.92001267 -0.12252553]\n",
      " [ 4.73249051  2.81340933  0.6536602  -0.98905364 -0.52934009 -0.09106258]\n",
      " [ 0.80964677  0.6536602   0.21186441 -0.14745134 -0.09749161 -0.01895576]\n",
      " [-2.87434541 -0.98905364 -0.14745134  5.78031071  2.36740052  0.43634331]\n",
      " [-0.92001267 -0.52934009 -0.09749161  2.36740052  1.78372922  0.46894195]\n",
      " [-0.12252553 -0.09106258 -0.01895576  0.43634331  0.46894195  0.17654007]]\n",
      "\tEstimated state:\n",
      " [ 2.98350884e+02 -1.68322499e-01  3.54799582e-02 -7.12038825e+01\n",
      "  2.65015296e+01  1.58372006e-01],\n",
      " \tEstimated covariance:\n",
      " [[12.59630168  4.50049962  0.75726487 -2.31362138 -0.68370103 -0.08025297]\n",
      " [ 4.50049962  2.60181717  0.6081665  -0.76525458 -0.40849006 -0.06707535]\n",
      " [ 0.75726487  0.6081665   0.20179737 -0.10941047 -0.07453939 -0.0142787 ]\n",
      " [-2.31362138 -0.76525458 -0.10941047  5.02097333  2.03995348  0.38206868]\n",
      " [-0.68370103 -0.40849006 -0.07453939  2.03995348  1.56200895  0.42562404]\n",
      " [-0.08025297 -0.06707535 -0.0142787   0.38206868  0.42562404  0.16725628]]\n",
      "\tEstimated state:\n",
      " [ 2.98747281e+02  3.09995309e-02  5.25948894e-02 -4.73142026e+01\n",
      "  2.55464755e+01 -5.81383679e-02],\n",
      " \tEstimated covariance:\n",
      " [[ 1.25141093e+01  4.34702620e+00  7.28226794e-01 -1.69825992e+00\n",
      "  -4.50911749e-01 -4.08619060e-02]\n",
      " [ 4.34702620e+00  2.48324777e+00  5.86755116e-01 -5.47294039e-01\n",
      "  -3.02709359e-01 -4.72943841e-02]\n",
      " [ 7.28226794e-01  5.86755116e-01  1.97756605e-01 -7.48481351e-02\n",
      "  -5.59176966e-02 -1.07069715e-02]\n",
      " [-1.69825992e+00 -5.47294039e-01 -7.48481351e-02  4.49444621e+00\n",
      "   1.84335979e+00  3.55429840e-01]\n",
      " [-4.50911749e-01 -3.02709359e-01 -5.59176966e-02  1.84335979e+00\n",
      "   1.43288208e+00  4.02891057e-01]\n",
      " [-4.08619060e-02 -4.72943841e-02 -1.07069715e-02  3.55429840e-01\n",
      "   4.02891057e-01  1.62536273e-01]]\n",
      "\tEstimated state:\n",
      " [ 3.01229093e+02  8.92091413e-01  1.75930447e-01 -2.57796739e+01\n",
      "  2.38524407e+01 -3.78259461e-01],\n",
      " \tEstimated covariance:\n",
      " [[ 1.24506744e+01  4.25307579e+00  7.14139170e-01 -1.08662876e+00\n",
      "  -2.41366306e-01 -7.68370216e-03]\n",
      " [ 4.25307579e+00  2.42563083e+00  5.78806228e-01 -3.49716218e-01\n",
      "  -2.13367727e-01 -3.13180240e-02]\n",
      " [ 7.14139170e-01  5.78806228e-01  1.96592498e-01 -4.51874003e-02\n",
      "  -4.08255668e-02 -7.88715640e-03]\n",
      " [-1.08662876e+00 -3.49716218e-01 -4.51874003e-02  4.20428409e+00\n",
      "   1.75243646e+00  3.47866496e-01]\n",
      " [-2.41366306e-01 -2.13367727e-01 -4.08255668e-02  1.75243646e+00\n",
      "   1.36318620e+00  3.91323122e-01]\n",
      " [-7.68370216e-03 -3.13180240e-02 -7.88715640e-03  3.47866496e-01\n",
      "   3.91323122e-01  1.59882140e-01]]\n",
      "\tEstimated state:\n",
      " [ 2.98124466e+02 -3.17395229e-01 -5.14024279e-02  7.75210968e-01\n",
      "  2.46471802e+01 -1.50015725e-01],\n",
      " \tEstimated covariance:\n",
      " [[ 1.23735094e+01  4.19140879e+00  7.07294872e-01 -3.86327631e-01\n",
      "  -8.57455426e-03  2.94812128e-02]\n",
      " [ 4.19140879e+00  2.40095108e+00  5.76908402e-01 -1.33408546e-01\n",
      "  -1.19235026e-01 -1.43541679e-02]\n",
      " [ 7.07294872e-01  5.76908402e-01  1.96475402e-01 -1.32319250e-02\n",
      "  -2.50480070e-02 -4.85092324e-03]\n",
      " [-3.86327631e-01 -1.33408546e-01 -1.32319250e-02  3.98634406e+00\n",
      "   1.68279653e+00  3.41253688e-01]\n",
      " [-8.57455426e-03 -1.19235026e-01 -2.50480070e-02  1.68279653e+00\n",
      "   1.30741984e+00  3.81334114e-01]\n",
      " [ 2.94812128e-02 -1.43541679e-02 -4.85092324e-03  3.41253688e-01\n",
      "   3.81334114e-01  1.57383631e-01]]\n",
      "\tEstimated state:\n",
      " [ 2.95520744e+02 -1.13259397e+00 -1.80784876e-01  2.53492854e+01\n",
      "  2.44838675e+01 -1.56339522e-01],\n",
      " \tEstimated covariance:\n",
      " [[ 1.22652786e+01  4.14140988e+00  7.01879184e-01  3.12807092e-01\n",
      "   2.09404245e-01  6.25134474e-02]\n",
      " [ 4.14140988e+00  2.38879860e+00  5.76219051e-01  7.35029233e-02\n",
      "  -3.04483994e-02  1.55020914e-03]\n",
      " [ 7.01879184e-01  5.76219051e-01  1.96362589e-01  1.66921265e-02\n",
      "  -9.88834029e-03 -1.85237019e-03]\n",
      " [ 3.12807092e-01  7.35029233e-02  1.66921265e-02  3.92032690e+00\n",
      "   1.66725292e+00  3.43069238e-01]\n",
      " [ 2.09404245e-01 -3.04483994e-02 -9.88834029e-03  1.66725292e+00\n",
      "   1.27773675e+00  3.75891320e-01]\n",
      " [ 6.25134474e-02  1.55020914e-03 -1.85237019e-03  3.43069238e-01\n",
      "   3.75891320e-01  1.55787808e-01]]\n",
      "\tEstimated state:\n",
      " [ 2.94735246e+02 -1.16618655e+00 -1.55780191e-01  4.98177470e+01\n",
      "  2.43538653e+01 -1.50640673e-01],\n",
      " \tEstimated covariance:\n",
      " [[1.21047485e+01 4.08517038e+00 6.94190770e-01 9.77173253e-01\n",
      "  4.06166594e-01 9.10013394e-02]\n",
      " [4.08517038e+00 2.37492548e+00 5.74073873e-01 2.64362848e-01\n",
      "  5.35593356e-02 1.67696390e-02]\n",
      " [6.94190770e-01 5.74073873e-01 1.95806819e-01 4.38235712e-02\n",
      "  4.89083489e-03 1.17750746e-03]\n",
      " [9.77173253e-01 2.64362848e-01 4.38235712e-02 4.03831428e+00\n",
      "  1.71449356e+00 3.54990404e-01]\n",
      " [4.06166594e-01 5.35593356e-02 4.89083489e-03 1.71449356e+00\n",
      "  1.27577678e+00 3.75489290e-01]\n",
      " [9.10013394e-02 1.67696390e-02 1.17750746e-03 3.54990404e-01\n",
      "  3.75489290e-01 1.55247401e-01]]\n",
      "\tEstimated state:\n",
      " [ 2.91940967e+02 -1.83982464e+00 -2.43524307e-01  7.36525141e+01\n",
      "  2.40275853e+01 -1.86352865e-01],\n",
      " \tEstimated covariance:\n",
      " [[1.18770739e+01 4.01152952e+00 6.82574890e-01 1.59315006e+00\n",
      "  5.82958973e-01 1.15814369e-01]\n",
      " [4.01152952e+00 2.35175698e+00 5.69483891e-01 4.39303663e-01\n",
      "  1.34354665e-01 3.16013679e-02]\n",
      " [6.82574890e-01 5.69483891e-01 1.94724039e-01 6.83499699e-02\n",
      "  1.94122201e-02 4.22216827e-03]\n",
      " [1.59315006e+00 4.39303663e-01 6.83499699e-02 4.28032665e+00\n",
      "  1.79478037e+00 3.70677285e-01]\n",
      " [5.82958973e-01 1.34354665e-01 1.94122201e-02 1.79478037e+00\n",
      "  1.28847012e+00 3.77594071e-01]\n",
      " [1.15814369e-01 3.16013679e-02 4.22216827e-03 3.70677285e-01\n",
      "  3.77594071e-01 1.55285315e-01]]\n",
      "\tEstimated state:\n",
      " [ 2.87200518e+02 -3.03821972e+00 -4.07443889e-01  9.75507894e+01\n",
      "  2.38640258e+01 -1.77952710e-01],\n",
      " \tEstimated covariance:\n",
      " [[1.15678826e+01 3.91292581e+00 6.66303879e-01 2.15865475e+00\n",
      "  7.43688452e-01 1.38068920e-01]\n",
      " [3.91292581e+00 2.31586143e+00 5.62298999e-01 5.99861209e-01\n",
      "  2.12358946e-01 4.59821394e-02]\n",
      " [6.66303879e-01 5.62298999e-01 1.93169736e-01 9.05866961e-02\n",
      "  3.35172019e-02 7.19683882e-03]\n",
      " [2.15865475e+00 5.99861209e-01 9.05866961e-02 4.62253618e+00\n",
      "  1.90079002e+00 3.89351026e-01]\n",
      " [7.43688452e-01 2.12358946e-01 3.35172019e-02 1.90079002e+00\n",
      "  1.31493786e+00 3.82390111e-01]\n",
      " [1.38068920e-01 4.59821394e-02 7.19683882e-03 3.89351026e-01\n",
      "  3.82390111e-01 1.55993624e-01]]\n",
      "\tEstimated state:\n",
      " [ 2.80886072e+02 -4.54653387e+00 -6.01287538e-01  1.22225847e+02\n",
      "  2.41147553e+01 -8.31483873e-02],\n",
      " \tEstimated covariance:\n",
      " [[1.11694977e+01 3.78677524e+00 6.45533114e-01 2.66598555e+00\n",
      "  8.87438258e-01 1.57638484e-01]\n",
      " [3.78677524e+00 2.26710962e+00 5.52856955e-01 7.43213888e-01\n",
      "  2.85305588e-01 5.93184618e-02]\n",
      " [6.45533114e-01 5.52856955e-01 1.91247182e-01 1.09934591e-01\n",
      "  4.65938782e-02 9.94576924e-03]\n",
      " [2.66598555e+00 7.43213888e-01 1.09934591e-01 5.06788787e+00\n",
      "  2.03721664e+00 4.12494033e-01]\n",
      " [8.87438258e-01 2.85305588e-01 4.65938782e-02 2.03721664e+00\n",
      "  1.35841472e+00 3.90606982e-01]\n",
      " [1.57638484e-01 5.93184618e-02 9.94576924e-03 4.12494033e-01\n",
      "  3.90606982e-01 1.57497470e-01]]\n",
      "\tEstimated state:\n",
      " [ 2.69835942e+02 -7.34131622e+00 -9.85696522e-01  1.46548967e+02\n",
      "  2.42768773e+01 -1.43929231e-02],\n",
      " \tEstimated covariance:\n",
      " [[10.66449981  3.6272681   0.61959265  3.12460656  1.01951717  0.17571047]\n",
      " [ 3.6272681   2.20412196  0.54106236  0.87359809  0.35404133  0.0717869 ]\n",
      " [ 0.61959265  0.54106236  0.18893586  0.12724515  0.05876192  0.01249636]\n",
      " [ 3.12460656  0.87359809  0.12724515  5.58694367  2.192889    0.43778131]\n",
      " [ 1.01951717  0.35404133  0.05876192  2.192889    1.413812    0.40100686]\n",
      " [ 0.17571047  0.0717869   0.01249636  0.43778131  0.40100686  0.15948031]]\n",
      "\tEstimated state:\n",
      " [ 2.55070150e+02 -1.07614897e+01 -1.41127454e+00  1.69872404e+02\n",
      "  2.40713659e+01 -2.66331558e-02],\n",
      " \tEstimated covariance:\n",
      " [[10.05768739  3.43784748  0.58939928  3.51513509  1.13171528  0.19056596]\n",
      " [ 3.43784748  2.12880797  0.52728952  0.98325077  0.41448332  0.08258742]\n",
      " [ 0.58939928  0.52728952  0.18627773  0.14110094  0.06928476  0.01471025]\n",
      " [ 3.51513509  0.98325077  0.14110094  6.17407253  2.3680828   0.46555562]\n",
      " [ 1.13171528  0.41448332  0.06928476  2.3680828   1.48107902  0.41353795]\n",
      " [ 0.19056596  0.08258742  0.01471025  0.46555562  0.41353795  0.16191013]]\n",
      "\tEstimated state:\n",
      " [240.58460522 -13.1088153   -1.55890424 190.51812255  22.79680052\n",
      "  -0.26283157],\n",
      " \tEstimated covariance:\n",
      " [[9.43561815 3.25154224 0.56105664 3.78962541 1.20388744 0.19809364]\n",
      " [3.25154224 2.05324379 0.51365016 1.05636454 0.45955793 0.09033749]\n",
      " [0.56105664 0.51365016 0.18361838 0.1489884  0.07704233 0.01636923]\n",
      " [3.78962541 1.05636454 0.1489884  6.79579895 2.55178547 0.4938525 ]\n",
      " [1.20388744 0.45955793 0.07704233 2.55178547 1.55548598 0.42723762]\n",
      " [0.19809364 0.09033749 0.01636923 0.4938525  0.42723762 0.164586  ]]\n",
      "\tEstimated state:\n",
      " [221.5517868  -16.33894659  -1.83297816 208.44118166  20.87053062\n",
      "  -0.56560496],\n",
      " \tEstimated covariance:\n",
      " [[8.74970232 3.04431415 0.52933387 3.97600117 1.25286905 0.20274472]\n",
      " [3.04431415 1.96643984 0.49784992 1.10541998 0.49576136 0.09670372]\n",
      " [0.52933387 0.49784992 0.18049233 0.153549   0.08332095 0.01778104]\n",
      " [3.97600117 1.10541998 0.153549   7.43597131 2.73899236 0.5218684 ]\n",
      " [1.25286905 0.49576136 0.08332095 2.73899236 1.63422298 0.44152442]\n",
      " [0.20274472 0.09670372 0.01778104 0.5218684  0.44152442 0.16738131]]\n",
      "\tEstimated state:\n",
      " [202.0163618  -18.82216775  -1.92522803 224.85981113  18.80094479\n",
      "  -0.84685051],\n",
      " \tEstimated covariance:\n",
      " [[8.04567395 2.83415118 0.49779834 4.05025817 1.2680626  0.20210727]\n",
      " [2.83415118 1.87599887 0.48143704 1.12037405 0.51795326 0.10049997]\n",
      " [0.49779834 0.48143704 0.17721699 0.15278409 0.08705525 0.01869077]\n",
      " [4.05025817 1.12037405 0.15278409 8.09264467 2.93181006 0.55050566]\n",
      " [1.2680626  0.51795326 0.08705525 2.93181006 1.71817179 0.45671672]\n",
      " [0.20210727 0.10049997 0.01869077 0.55050566 0.45671672 0.17038305]]\n",
      "\tEstimated state:\n",
      " [180.87362111 -21.06724948  -1.95772203 239.22886089  16.50666624\n",
      "  -1.11799896],\n",
      " \tEstimated covariance:\n",
      " [[7.32982573 2.62093447 0.46610413 4.01117666 1.25035269 0.19664492]\n",
      " [2.62093447 1.78151527 0.46426207 1.10143782 0.52617688 0.10182533]\n",
      " [0.46610413 0.46426207 0.17375577 0.14689313 0.08828259 0.01911484]\n",
      " [4.01117666 1.10143782 0.14689313 8.75367541 3.12620147 0.57905296]\n",
      " [1.25035269 0.52617688 0.08828259 3.12620147 1.80499012 0.47233856]\n",
      " [0.19664492 0.10182533 0.01911484 0.57905296 0.47233856 0.17348665]]\n",
      "\tEstimated state:\n",
      " [159.28917511 -22.71991415  -1.88210837 252.69161379  14.46473155\n",
      "  -1.29669219],\n",
      " \tEstimated covariance:\n",
      " [[6.63781025 2.41748243 0.43660096 3.84830301 1.19538579 0.18545824]\n",
      " [2.41748243 1.68842497 0.44739336 1.04458246 0.51814425 0.10017959]\n",
      " [0.43660096 0.44739336 0.17032556 0.13515565 0.08654295 0.01894415]\n",
      " [3.84830301 1.04458246 0.13515565 9.40731616 3.3185882  0.60702176]\n",
      " [1.19538579 0.51814425 0.08654295 3.3185882  1.89291345 0.48811605]\n",
      " [0.18545824 0.10017959 0.01894415 0.60702176 0.48811605 0.17664809]]\n",
      "\tEstimated state:\n",
      " [137.27254289 -23.95267189  -1.75700311 266.69702652  13.18747758\n",
      "  -1.30344418],\n",
      " \tEstimated covariance:\n",
      " [[ 6.00668265  2.2365644   0.41150785  3.54999841  1.09897837  0.1678142 ]\n",
      " [ 2.2365644   1.60215782  0.43187609  0.94546593  0.49173748  0.09514837]\n",
      " [ 0.41150785  0.43187609  0.16713938  0.11682052  0.08142235  0.01808877]\n",
      " [ 3.54999841  0.94546593  0.11682052 10.04153672  3.50513571  0.63387208]\n",
      " [ 1.09897837  0.49173748  0.08142235  3.50513571  1.98010496  0.50375555]\n",
      " [ 0.1678142   0.09514837  0.01808877  0.63387208  0.50375555  0.1798154 ]]\n",
      "\tEstimated state:\n",
      " [116.38538467 -23.87040009  -1.36028345 273.8011741    9.86477552\n",
      "  -1.69896042],\n",
      " \tEstimated covariance:\n",
      " [[ 5.45144452  2.07700008  0.38957921  3.21019631  0.9955858   0.15034201]\n",
      " [ 2.07700008  1.52075644  0.41703968  0.84557363  0.46167726  0.08953362]\n",
      " [ 0.38957921  0.41703968  0.16402595  0.10058614  0.07598254  0.01712376]\n",
      " [ 3.21019631  0.84557363  0.10058614 10.58682714  3.65873731  0.65410071]\n",
      " [ 0.9955858   0.46167726  0.07598254  3.65873731  2.05545801  0.51700234]\n",
      " [ 0.15034201  0.08953362  0.01712376  0.65410071  0.51700234  0.18252573]]\n",
      "\tEstimated state:\n",
      " [ 92.03199363 -25.16223248  -1.34850739 283.14573597   8.27631996\n",
      "  -1.68004763],\n",
      " \tEstimated covariance:\n",
      " [[ 4.94208981  1.92981542  0.36963714  2.73760897  0.85010682  0.12619471]\n",
      " [ 1.92981542  1.44402483  0.40325881  0.69832688  0.41025575  0.07993746]\n",
      " [ 0.36963714  0.40325881  0.1611593   0.07576607  0.06624573  0.0152935 ]\n",
      " [ 2.73760897  0.69832688  0.07576607 11.07510888  3.79784773  0.67274971]\n",
      " [ 0.85010682  0.41025575  0.06624573  3.79784773  2.12726024  0.52988874]\n",
      " [ 0.12619471  0.07993746  0.0152935   0.67274971  0.52988874  0.1852276 ]]\n",
      "\tEstimated state:\n",
      " [ 69.5750554  -25.09079737  -1.05991814 290.21442156   6.41879195\n",
      "  -1.72859212],\n",
      " \tEstimated covariance:\n",
      " [[ 4.54920741  1.82162983  0.35655781  2.20922426  0.69024816  0.10049375]\n",
      " [ 1.82162983  1.38249377  0.39239404  0.53922198  0.3507095   0.06889454]\n",
      " [ 0.35655781  0.39239404  0.15885386  0.0503429   0.0552388   0.01317918]\n",
      " [ 2.20922426  0.53922198  0.0503429  11.47931251  3.91100592  0.68702705]\n",
      " [ 0.69024816  0.3507095   0.0552388   3.91100592  2.18958319  0.54096445]\n",
      " [ 0.10049375  0.06889454  0.01317918  0.68702705  0.54096445  0.18757025]]\n",
      "\tEstimated state:\n",
      " [ 46.44011603 -25.10323822  -0.84590025 295.61994253   4.6173767\n",
      "  -1.75176062],\n",
      " \tEstimated covariance:\n",
      " [[4.25639518e+00 1.74283294e+00 3.47934167e-01 1.62922639e+00\n",
      "  5.16311513e-01 7.32018461e-02]\n",
      " [1.74283294e+00 1.33229437e+00 3.83566858e-01 3.66476640e-01\n",
      "  2.82400217e-01 5.62951015e-02]\n",
      " [3.47934167e-01 3.83566858e-01 1.56935030e-01 2.34192021e-02\n",
      "  4.26845357e-02 1.07305637e-02]\n",
      " [1.62922639e+00 3.66476640e-01 2.34192021e-02 1.17895017e+01\n",
      "  3.99603418e+00 6.96869648e-01]\n",
      " [5.16311513e-01 2.82400217e-01 4.26845357e-02 3.99603418e+00\n",
      "  2.24118562e+00 5.50066077e-01]\n",
      " [7.32018461e-02 5.62951015e-02 1.07305637e-02 6.96869648e-01\n",
      "  5.50066077e-01 1.89528471e-01]]\n",
      "\tEstimated state:\n",
      " [ 20.80160633 -25.97650234  -0.84803781 298.37347748   2.53210987\n",
      "  -1.80946907],\n",
      " \tEstimated covariance:\n",
      " [[ 4.04023735e+00  1.68383839e+00  3.41872534e-01  9.76181138e-01\n",
      "   3.20325247e-01  4.28997679e-02]\n",
      " [ 1.68383839e+00  1.29062052e+00  3.76292627e-01  1.68743060e-01\n",
      "   2.01902200e-01  4.15963781e-02]\n",
      " [ 3.41872534e-01  3.76292627e-01  1.55335783e-01 -7.58772840e-03\n",
      "   2.78502186e-02  7.83450104e-03]\n",
      " [ 9.76181138e-01  1.68743060e-01 -7.58772840e-03  1.19989940e+01\n",
      "   4.05141002e+00  7.02275244e-01]\n",
      " [ 3.20325247e-01  2.01902200e-01  2.78502186e-02  4.05141002e+00\n",
      "   2.28093876e+00  5.57032310e-01]\n",
      " [ 4.28997679e-02  4.15963781e-02  7.83450104e-03  7.02275244e-01\n",
      "   5.57032310e-01  1.91071457e-01]]\n"
     ]
    },
    {
     "data": {
